303,52
303,51
303,50
303,49
303,48
303,47
303,46
303,45
303,44
303,43
303,42
303,41
303,40
303,39
303,38
303,37
303,36
303,35
85,533
85,525
85,515
85,512
85,499
85,494
85,484
85,473
85,448
85,403
85,398
85,387
85,384
85,324
85,278
85,226
85,220
85,206
85,200
85,165
85,98
85,29
85,14
85,12
85,11
85,9
85,3
85,1
84,7
84,6
84,4
84,3
84,1
83,7
83,6
83,4
83,3
83,1
82,3
82,1
81,8
81,6
81,5
81,3
81,1
80,3
80,1
79,4
79,1
10,278
78,3
10,92
78,1
77,3
10,154
77,1
76,19
10,268
76,18
76,17
10,82
76,3
10,168
76,1
75,5
10,194
75,4
75,3
10,72
75,1
74,3
74,1
73,6
11,22
73,4
11,12
73,3
73,1
72,4
72,3
72,1
71,3
71,1
70,3
70,1
69,3
69,1
68,18988
68,16386
68,16385
68,3
67,3
67,1
66,3
66,1
65,5
65,3
65,1
64,4
64,3
64,1
63,6
63,3
63,1
62,5
62,3
62,1
61,3
61,1
60,4
60,3
60,1
20,2
20,3
20,1
14,10
14,9
14,8
14,7
14,5
14,2
19,2
14,0
12,3
19,1
12,2
19,3
12,1
11,28
11,27
11,25
11,23
11,21
11,20
11,19
11,18
11,17
11,16
11,15
11,14
11,13
11,11
11,10
11,8
11,7
11,6
11,5
11,3
11,2
11,1
10,266
10,262
10,259
10,245
10,236
10,233
10,228
10,222
10,189
10,185
10,182
10,180
10,173
10,172
10,162
10,135
10,124
10,122
10,115
10,97
10,91
10,90
10,74
10,73
10,68
18,1
10,30
18,3
10,29
10,17
10,5
10,3
14,1
10,2
14,6
10,1
9,7
9,6
9,5
14,3
9,4
13,1
9,3
9,2
13,3
9,1
8,18
8,17
8,16
8,15
8,14
8,13
8,11
8,10
8,9
8,8
8,7
8,6
8,5
8,4
8,3
8,2
8,1
3,3
3,2
3,1
2,3
2,2
2,1
0,287
0,281
0,278
0,277
0,273
0,270
0,269
0,9
0,0
303,34
303,33
303,32
303,31
303,30
303,29
303,28
303,27
303,26
303,25
303,24
303,23
303,22
303,21
303,20
303,19
303,18
303,17
303,16
303,15
303,14
303,13
303,12
303,11
303,10
303,9
303,8
303,7
303,6
303,5
303,4
303,3
303,2
303,0
0,301
0,276
0,275
0,272
0,271
0,12
0,286
0,10
0,8
0,268
0,267
0,1168
0,266
0,1167
0,265
0,264
0,440
0,263
0,439
0,262
0,1115
0,261
0,1155
0,260
0,403
0,259
0,402
0,258
0,257
0,1166
0,256
0,1111
0,255
0,1110
0,254
0,1153
0,253
0,1186
0,252
0,1185
0,251
0,1172
85,537
85,576
85,648
85,656
85,704
85,722
85,733
85,2688
86,3
87,3
87,1
88,161
89,3
89,1
90,1
91,3
91,1
92,3
92,1
93,7
93,1
94,7
94,1
95,1
96,1
97,3
98,3
98,5
99,3
99,51
100,3
100,1
101,3
102,3
102,1
103,1
104,1
105,3
106,3
106,1
107,9
107,1
108,641
109,3
109,1
110,1
111,3
112,3
113,3
113,167
113,1
114,3
115,3
116,3
116,1
117,350
117,1
118,26
118,1
119,48
120,3
120,280
120,1
121,3
122,3
122,1
123,3
123,1
124,3
124,1539
124,1
125,1764
61,4
63,4
73,5
76,5
81,4
83,5
84,5
85,10
85,13
85,134
85,203
85,284
85,393
85,408
85,491
85,502
85,529
85,644
85,653
85,725
85,768
85,774
85,781
85,785
85,799
85,805
85,817
85,832
85,840
85,896
85,903
85,921
85,924
85,931
85,963
85,966
85,975
85,978
85,984
85,987
85,997
85,1032
85,1036
85,1051
85,1058
85,1064
85,1072
85,1088
85,1158
85,1216
85,1228
85,1235
85,1280
85,1344
85,1351
85,1408
85,1472
85,1600
85,1608
85,1618
85,1678
85,1728
85,1750
85,1758
85,1792
85,1801
85,1846
85,1857
85,1875
85,1920
85,1940
85,1947
85,1988
85,1993
85,2000
85,2010
85,2016
85,2023
85,2029
85,2048
85,2054
85,2066
85,2073
85,2078
85,2084
85,2087
85,2093
85,2099
85,2112
85,2121
85,2129
85,2137
85,2142
85,2150
85,2160
85,2163
85,2179
85,2182
85,2199
85,2212
85,2215
85,2222
85,2225
85,2240
85,2248
85,2266
85,2279
85,2285
85,2304
85,2308
85,2316
85,2338
85,2357
85,2373
85,2379
85,2387
85,2405
85,2415
85,2432
85,2439
85,2467
85,2475
85,2500
85,2564
85,2569
85,2575
85,2581
85,2593
85,2624
85,2653
87,4
88,4
88,27
88,37
88,51
88,54
88,56
88,59
88,61
88,193
88,196
88,26
88,20
90,4
92,4
92,5
93,4
99,5
99,15
99,16
99,23
99,39
99,49
99,48
100,4
100,5
100,7
100,8
100,10
104,4
103,4
107,5
107,6
107,8
109,4
112,5
114,4
115,4
117,12
117,13
117,101
117,97
117,22
117,27
117,43
117,59
117,257
117,50
117,53
117,261
117,99
117,87
117,66
117,74
117,93
117,92
117,81
117,83
117,96
117,98
117,259
117,260
117,258
117,262
117,270
117,266
117,265
117,267
117,269
117,272
117,282
117,273
117,274
117,277
117,279
117,280
117,284
117,285
117,287
117,288
118,9
118,10
118,17
118,21
119,5
119,15
119,42
119,47
119,26
122,4
122,5
122,7
122,9
122,10
122,12
122,13
122,15
122,16
122,18
122,20
122,21
122,23
122,24
123,15
123,21
123,30
124,36
124,4
124,6
124,7
124,9
124,11
124,12
124,14
124,15
124,17
124,19
124,20
124,22
124,23
124,25
124,27
124,28
124,30
